# f_norm[GHz] T_norm[K]
0.408 130.258
0.408 88.185
0.408 110.805
0.408 77.869
0.408 62.853
0.408 51.468
0.408 61.795
0.408 51.549
0.408 89.163
0.408 70.325
0.408 73.026
0.408 61.179
0.408 58.774
0.408 50.090
0.408 52.943
0.408 45.641
0.408 43.971
0.408 37.988
0.408 41.993
0.408 35.755
0.408 31.628
0.408 26.650
0.408 30.776
0.408 26.412
0.408 40.540
0.408 33.402
0.408 38.072
0.408 31.869
0.408 28.341
0.408 24.597
0.408 27.165
0.408 23.496
0.408 65.898
0.408 56.719
0.408 70.309
0.408 64.999
0.408 48.688
0.408 42.280
0.408 54.151
0.408 44.145
0.408 65.501
0.408 70.257
0.408 52.788
0.408 59.600
0.408 63.850
0.408 50.672
0.408 62.943
0.408 56.324
0.408 37.202
0.408 32.083
0.408 37.687
0.408 32.556
0.408 27.548
0.408 24.551
0.408 28.807
0.408 26.217
0.408 40.546
0.408 33.348
0.408 45.585
0.408 36.147
0.408 29.806
0.408 27.818
0.408 30.885
0.408 28.933
0.408 22.642
0.408 19.937
0.408 22.831
0.408 20.623
0.408 19.848
0.408 21.025
0.408 19.991
0.408 20.583
0.408 21.748
0.408 20.291
0.408 20.879
0.408 19.745
0.408 19.678
0.408 19.683
0.408 18.969
0.408 18.669
0.408 21.962
0.408 22.715
0.408 21.596
0.408 22.024
0.408 22.782
0.408 21.838
0.408 21.723
0.408 21.157
0.408 20.301
0.408 20.310
0.408 18.704
0.408 18.507
0.408 20.481
0.408 20.225
0.408 19.053
0.408 18.894
0.408 21.862
0.408 19.954
0.408 23.362
0.408 21.328
0.408 19.205
0.408 18.864
0.408 20.467
0.408 19.586
0.408 24.769
0.408 22.637
0.408 25.845
0.408 23.503
0.408 21.688
0.408 20.219
0.408 22.583
0.408 20.795
0.408 18.199
0.408 17.548
0.408 18.294
0.408 17.325
0.408 17.764
0.408 17.568
0.408 16.851
0.408 16.684
0.408 18.341
0.408 17.489
0.408 18.702
0.408 17.727
0.408 16.626
0.408 16.158
0.408 16.494
0.408 15.585
0.408 45.691
0.408 50.062
0.408 43.109
0.408 47.718
0.408 56.266
0.408 54.980
0.408 49.813
0.408 48.313
0.408 40.004
0.408 42.124
0.408 34.383
0.408 34.966
0.408 44.364
0.408 45.453
0.408 38.850
0.408 42.700
0.408 50.083
0.408 42.345
0.408 50.095
0.408 46.618
0.408 34.637
0.408 30.836
0.408 39.739
0.408 35.026
0.408 47.420
0.408 45.927
0.408 43.552
0.408 42.411
0.408 43.350
0.408 39.831
0.408 41.731
0.408 40.025
0.408 31.173
0.408 32.240
0.408 28.960
0.408 30.558
0.408 34.989
0.408 38.956
0.408 33.158
0.408 35.379
0.408 26.767
0.408 28.558
0.408 25.515
0.408 26.969
0.408 30.769
0.408 32.219
0.408 28.588
0.408 29.182
0.408 39.267
0.408 37.990
0.408 35.448
0.408 35.077
0.408 37.812
0.408 38.249
0.408 34.500
0.408 35.329
0.408 32.639
0.408 31.472
0.408 28.416
0.408 26.977
0.408 31.134
0.408 32.336
0.408 27.061
0.408 28.324
0.408 26.975
0.408 23.770
0.408 29.226
0.408 24.237
0.408 22.147
0.408 20.571
0.408 21.391
0.408 19.923
0.408 32.701
0.408 26.118
0.408 35.567
0.408 29.899
0.408 21.909
0.408 19.803
0.408 24.378
0.408 20.504
0.408 19.036
0.408 17.683
0.408 18.957
0.408 17.647
0.408 16.364
0.408 15.080
0.408 16.438
0.408 15.032
0.408 18.601
0.408 17.771
0.408 18.683
0.408 17.954
0.408 16.576
0.408 15.310
0.408 16.937
0.408 15.937
0.408 36.683
0.408 32.620
0.408 35.572
0.408 33.367
0.408 27.324
0.408 22.168
0.408 29.271
0.408 24.038
0.408 33.876
0.408 34.237
0.408 30.415
0.408 31.943
0.408 30.808
0.408 25.376
0.408 30.648
0.408 26.423
0.408 19.330
0.408 18.258
0.408 20.078
0.408 18.690
0.408 17.634
0.408 16.709
0.408 18.294
0.408 17.309
0.408 20.629
0.408 18.611
0.408 20.926
0.408 18.513
0.408 18.350
0.408 17.183
0.408 17.794
0.408 16.920
0.408 59.335
0.408 49.743
0.408 52.236
0.408 46.104
0.408 43.409
0.408 39.897
0.408 40.460
0.408 35.903
0.408 47.657
0.408 42.696
0.408 42.343
0.408 38.048
0.408 36.356
0.408 31.160
0.408 32.546
0.408 28.513
0.408 36.651
0.408 33.791
0.408 32.560
0.408 30.633
0.408 31.569
0.408 29.479
0.408 29.332
0.408 27.756
0.408 28.534
0.408 27.816
0.408 26.145
0.408 25.070
0.408 27.019
0.408 25.076
0.408 23.836
0.408 21.480
0.408 38.058
0.408 34.625
0.408 34.298
0.408 31.663
0.408 29.881
0.408 25.981
0.408 26.626
0.408 22.294
0.408 29.910
0.408 27.249
0.408 25.464
0.408 22.666
0.408 23.235
0.408 20.355
0.408 20.586
0.408 20.264
0.408 23.384
0.408 21.846
0.408 20.084
0.408 18.880
0.408 19.697
0.408 17.902
0.408 16.895
0.408 16.276
0.408 19.125
0.408 17.980
0.408 19.442
0.408 18.103
0.408 16.210
0.408 15.868
0.408 16.823
0.408 16.956
0.408 27.380
0.408 26.008
0.408 26.110
0.408 25.202
0.408 24.688
0.408 22.730
0.408 24.503
0.408 23.061
0.408 23.756
0.408 24.279
0.408 21.379
0.408 23.054
0.408 24.477
0.408 23.117
0.408 23.395
0.408 22.104
0.408 20.811
0.408 17.788
0.408 20.648
0.408 17.434
0.408 14.754
0.408 13.389
0.408 14.967
0.408 13.163
0.408 20.268
0.408 17.178
0.408 19.413
0.408 16.261
0.408 14.348
0.408 12.590
0.408 13.404
0.408 12.332
0.408 19.359
0.408 21.678
0.408 17.882
0.408 20.499
0.408 22.163
0.408 20.846
0.408 20.816
0.408 19.314
0.408 17.608
0.408 19.457
0.408 18.250
0.408 18.745
0.408 19.411
0.408 18.376
0.408 18.306
0.408 17.573
0.408 18.215
0.408 15.108
0.408 17.044
0.408 14.297
0.408 12.948
0.408 12.268
0.408 12.845
0.408 12.378
0.408 16.294
0.408 14.015
0.408 15.767
0.408 13.912
0.408 12.978
0.408 13.178
0.408 13.482
0.408 14.047
0.408 21.860
0.408 19.864
0.408 20.870
0.408 19.345
0.408 19.491
0.408 20.132
0.408 19.295
0.408 19.670
0.408 20.981
0.408 19.530
0.408 21.640
0.408 20.462
0.408 18.995
0.408 19.147
0.408 19.533
0.408 19.715
0.408 19.008
0.408 17.754
0.408 18.869
0.408 17.432
0.408 17.293
0.408 17.695
0.408 17.330
0.408 17.734
0.408 19.054
0.408 17.960
0.408 19.286
0.408 18.192
0.408 17.814
0.408 17.664
0.408 18.019
0.408 18.066
0.408 23.384
0.408 22.556
0.408 24.961
0.408 23.933
0.408 21.538
0.408 20.819
0.408 22.274
0.408 20.987
0.408 24.360
0.408 23.356
0.408 22.134
0.408 21.196
0.408 21.946
0.408 20.747
0.408 20.032
0.408 18.751
0.408 19.383
0.408 18.082
0.408 20.095
0.408 18.850
0.408 17.878
0.408 17.798
0.408 17.879
0.408 17.556
0.408 19.550
0.408 18.187
0.408 18.104
0.408 17.840
0.408 17.871
0.408 17.718
0.408 17.664
0.408 16.465
0.408 18.033
0.408 17.901
0.408 17.663
0.408 17.595
0.408 17.457
0.408 16.831
0.408 17.278
0.408 16.602
0.408 17.558
0.408 17.039
0.408 17.375
0.408 16.341
0.408 16.583
0.408 16.185
0.408 15.926
0.408 15.670
0.408 15.386
0.408 13.960
0.408 15.275
0.408 14.837
0.408 14.090
0.408 14.848
0.408 15.432
0.408 16.039
0.408 15.540
0.408 15.817
0.408 15.249
0.408 15.249
0.408 16.154
0.408 16.640
0.408 15.600
0.408 16.117
0.408 17.176
0.408 16.752
0.408 16.917
0.408 16.136
0.408 16.525
0.408 16.007
0.408 16.051
0.408 16.092
0.408 16.370
0.408 15.637
0.408 15.279
0.408 15.096
0.408 15.871
0.408 15.857
0.408 15.082
0.408 15.124
0.408 15.069
0.408 14.887
0.408 15.538
0.408 15.467
0.408 15.138
0.408 15.311
0.408 15.276
0.408 15.025
0.408 15.501
0.408 15.160
0.408 15.206
0.408 15.281
0.408 14.890
0.408 14.956
0.408 15.392
0.408 15.745
0.408 28.211
0.408 25.053
0.408 25.069
0.408 23.159
0.408 22.461
0.408 19.579
0.408 20.025
0.408 17.371
0.408 20.531
0.408 19.344
0.408 18.683
0.408 17.047
0.408 17.532
0.408 15.657
0.408 15.475
0.408 14.411
0.408 17.253
0.408 16.680
0.408 15.923
0.408 15.942
0.408 15.412
0.408 14.058
0.408 14.872
0.408 14.032
0.408 14.554
0.408 14.386
0.408 13.736
0.408 13.035
0.408 13.169
0.408 12.598
0.408 11.990
0.408 11.353
0.408 18.137
0.408 16.298
0.408 17.061
0.408 15.535
0.408 14.906
0.408 14.169
0.408 14.512
0.408 13.803
0.408 17.473
0.408 15.645
0.408 19.672
0.408 16.774
0.408 14.258
0.408 13.076
0.408 14.523
0.408 13.053
0.408 13.115
0.408 11.986
0.408 12.514
0.408 11.586
0.408 11.191
0.408 11.056
0.408 10.963
0.408 11.004
0.408 12.193
0.408 11.366
0.408 12.451
0.408 11.418
0.408 10.810
0.408 11.294
0.408 11.060
0.408 12.061
0.408 14.459
0.408 16.707
0.408 14.735
0.408 16.207
0.408 16.586
0.408 15.824
0.408 16.604
0.408 16.403
0.408 13.574
0.408 15.329
0.408 12.247
0.408 14.258
0.408 16.214
0.408 16.133
0.408 14.992
0.408 14.679
0.408 15.676
0.408 16.431
0.408 16.078
0.408 16.120
0.408 17.134
0.408 17.518
0.408 16.520
0.408 16.968
0.408 15.951
0.408 15.851
0.408 15.388
0.408 15.584
0.408 16.156
0.408 16.568
0.408 15.681
0.408 16.727
0.408 11.862
0.408 13.263
0.408 11.993
0.408 12.753
0.408 13.356
0.408 13.096
0.408 12.104
0.408 12.563
0.408 12.415
0.408 12.112
0.408 12.868
0.408 12.256
0.408 11.723
0.408 12.538
0.408 12.283
0.408 12.856
0.408 14.765
0.408 14.994
0.408 14.216
0.408 14.558
0.408 15.309
0.408 16.854
0.408 15.098
0.408 16.528
0.408 14.018
0.408 14.515
0.408 13.951
0.408 14.859
0.408 15.172
0.408 15.932
0.408 15.304
0.408 15.624
0.408 20.550
0.408 17.515
0.408 19.228
0.408 17.130
0.408 14.963
0.408 13.526
0.408 14.601
0.408 13.041
0.408 17.181
0.408 15.584
0.408 15.621
0.408 13.828
0.408 13.317
0.408 12.018
0.408 12.102
0.408 11.415
0.408 12.964
0.408 12.069
0.408 12.837
0.408 12.738
0.408 11.901
0.408 12.976
0.408 12.654
0.408 13.934
0.408 12.251
0.408 12.427
0.408 11.821
0.408 11.928
0.408 12.722
0.408 14.245
0.408 12.762
0.408 14.288
0.408 14.405
0.408 12.768
0.408 13.533
0.408 12.046
0.408 11.400
0.408 11.050
0.408 11.052
0.408 10.785
0.408 12.872
0.408 11.816
0.408 12.759
0.408 12.231
0.408 11.304
0.408 11.012
0.408 11.935
0.408 11.665
0.408 11.001
0.408 11.527
0.408 10.640
0.408 11.328
0.408 12.686
0.408 13.960
0.408 12.429
0.408 13.598
0.408 10.946
0.408 11.459
0.408 11.617
0.408 12.196
0.408 12.532
0.408 14.031
0.408 13.460
0.408 14.393
0.408 13.307
0.408 12.913
0.408 14.338
0.408 14.417
0.408 13.229
0.408 13.680
0.408 14.647
0.408 14.827
0.408 15.403
0.408 15.484
0.408 15.504
0.408 15.258
0.408 15.282
0.408 15.433
0.408 15.244
0.408 15.622
0.408 14.275
0.408 15.420
0.408 14.945
0.408 16.349
0.408 15.708
0.408 15.718
0.408 16.200
0.408 16.044
0.408 15.651
0.408 16.621
0.408 16.093
0.408 16.482
0.408 16.230
0.408 16.232
0.408 16.121
0.408 15.897
0.408 14.688
0.408 14.670
0.408 14.222
0.408 14.140
0.408 15.048
0.408 16.011
0.408 14.697
0.408 16.120
0.408 14.404
0.408 13.990
0.408 14.615
0.408 15.425
0.408 14.981
0.408 16.187
0.408 16.302
0.408 16.382
0.408 16.591
0.408 17.074
0.408 16.688
0.408 17.176
0.408 16.532
0.408 15.852
0.408 16.602
0.408 16.158
0.408 16.791
0.408 16.596
0.408 15.911
0.408 15.300
0.408 15.959
0.408 16.167
0.408 15.391
0.408 16.152
0.408 124.741
0.408 86.695
0.408 87.800
0.408 67.822
0.408 66.951
0.408 64.120
0.408 58.207
0.408 52.848
0.408 56.964
0.408 52.928
0.408 44.059
0.408 44.089
0.408 52.693
0.408 46.962
0.408 50.457
0.408 44.936
0.408 64.018
0.408 62.766
0.408 52.520
0.408 53.721
0.408 58.121
0.408 47.597
0.408 49.731
0.408 41.492
0.408 44.625
0.408 45.206
0.408 39.597
0.408 38.904
0.408 40.757
0.408 35.353
0.408 35.805
0.408 33.166
0.408 37.924
0.408 41.405
0.408 30.051
0.408 30.667
0.408 64.315
0.408 58.578
0.408 47.980
0.408 54.587
0.408 24.360
0.408 23.240
0.408 20.716
0.408 20.810
0.408 26.245
0.408 31.766
0.408 22.821
0.408 27.277
0.408 38.931
0.408 36.289
0.408 38.540
0.408 36.147
0.408 35.901
0.408 33.917
0.408 35.278
0.408 31.343
0.408 34.159
0.408 34.671
0.408 31.797
0.408 29.850
0.408 30.930
0.408 26.779
0.408 26.532
0.408 24.632
0.408 41.127
0.408 37.202
0.408 37.323
0.408 34.523
0.408 33.060
0.408 32.335
0.408 32.822
0.408 32.825
0.408 33.400
0.408 32.204
0.408 32.284
0.408 30.839
0.408 31.282
0.408 30.542
0.408 29.194
0.408 27.629
0.408 33.990
0.408 32.710
0.408 33.153
0.408 31.577
0.408 29.814
0.408 26.976
0.408 29.197
0.408 26.899
0.408 29.861
0.408 28.876
0.408 27.036
0.408 27.068
0.408 28.173
0.408 27.323
0.408 27.511
0.408 27.018
0.408 31.372
0.408 28.719
0.408 27.481
0.408 25.006
0.408 26.818
0.408 25.829
0.408 24.186
0.408 24.638
0.408 23.884
0.408 22.202
0.408 22.241
0.408 20.965
0.408 22.193
0.408 22.864
0.408 21.112
0.408 21.103
0.408 25.904
0.408 25.722
0.408 24.484
0.408 23.712
0.408 25.835
0.408 26.030
0.408 23.727
0.408 24.407
0.408 22.771
0.408 22.122
0.408 20.948
0.408 20.843
0.408 22.231
0.408 23.928
0.408 21.745
0.408 24.469
0.408 19.414
0.408 19.867
0.408 20.170
0.408 18.919
0.408 21.878
0.408 25.333
0.408 19.806
0.408 22.385
0.408 19.409
0.408 17.179
0.408 16.960
0.408 15.821
0.408 18.343
0.408 20.571
0.408 17.560
0.408 19.193
0.408 26.511
0.408 24.211
0.408 21.719
0.408 21.375
0.408 23.528
0.408 22.632
0.408 21.811
0.408 21.375
0.408 20.116
0.408 20.813
0.408 19.275
0.408 19.794
0.408 21.156
0.408 21.158
0.408 20.099
0.408 21.124
0.408 14.756
0.408 15.206
0.408 13.899
0.408 15.598
0.408 16.821
0.408 18.565
0.408 17.192
0.408 18.925
0.408 15.090
0.408 17.455
0.408 16.588
0.408 17.278
0.408 18.399
0.408 18.402
0.408 17.346
0.408 17.304
0.408 19.347
0.408 19.411
0.408 19.742
0.408 19.633
0.408 19.997
0.408 21.932
0.408 20.634
0.408 22.908
0.408 18.288
0.408 18.178
0.408 17.069
0.408 16.346
0.408 18.599
0.408 19.399
0.408 15.496
0.408 15.069
0.408 20.770
0.408 20.418
0.408 20.714
0.408 20.453
0.408 20.344
0.408 20.105
0.408 20.174
0.408 20.222
0.408 21.203
0.408 20.943
0.408 22.164
0.408 22.263
0.408 20.996
0.408 21.001
0.408 22.159
0.408 22.303
0.408 20.095
0.408 20.471
0.408 20.353
0.408 20.935
0.408 22.014
0.408 25.249
0.408 23.073
0.408 26.772
0.408 21.022
0.408 22.328
0.408 23.200
0.408 24.274
0.408 24.636
0.408 28.096
0.408 25.948
0.408 27.773
0.408 23.793
0.408 24.054
0.408 24.720
0.408 24.937
0.408 24.117
0.408 24.581
0.408 24.116
0.408 23.462
0.408 20.457
0.408 20.411
0.408 15.496
0.408 16.577
0.408 20.483
0.408 23.877
0.408 20.982
0.408 24.564
0.408 24.824
0.408 25.028
0.408 23.376
0.408 24.135
0.408 26.663
0.408 24.311
0.408 23.955
0.408 19.752
0.408 22.941
0.408 20.417
0.408 19.433
0.408 16.926
0.408 18.914
0.408 17.346
0.408 16.781
0.408 16.808
0.408 28.269
0.408 29.353
0.408 31.056
0.408 33.116
0.408 30.167
0.408 30.609
0.408 33.969
0.408 35.003
0.408 31.676
0.408 34.602
0.408 33.742
0.408 36.344
0.408 36.832
0.408 39.690
0.408 38.735
0.408 43.207
0.408 30.652
0.408 31.712
0.408 36.152
0.408 38.602
0.408 32.773
0.408 34.352
0.408 40.064
0.408 41.581
0.408 42.164
0.408 45.121
0.408 47.527
0.408 51.454
0.408 47.094
0.408 48.628
0.408 54.063
0.408 57.705
0.408 33.862
0.408 36.596
0.408 33.466
0.408 36.371
0.408 39.322
0.408 43.977
0.408 39.970
0.408 44.821
0.408 34.028
0.408 36.820
0.408 36.053
0.408 40.766
0.408 42.782
0.408 51.797
0.408 50.294
0.408 63.811
0.408 49.964
0.408 56.717
0.408 52.530
0.408 64.984
0.408 62.406
0.408 77.358
0.408 80.295
0.408 109.460
0.408 63.399
0.408 81.572
0.408 77.382
0.408 102.637
0.408 111.301
0.408 170.909
0.408 161.524
0.408 300.117
0.408 38.024
0.408 47.544
0.408 45.047
0.408 54.983
0.408 56.182
0.408 67.620
0.408 70.275
0.408 92.313
0.408 54.785
0.408 66.601
0.408 67.031
0.408 84.425
0.408 88.310
0.408 131.260
0.408 124.669
0.408 199.207
0.408 90.093
0.408 119.165
0.408 130.494
0.408 173.575
0.408 159.456
0.408 167.764
0.408 192.389
0.408 159.416
0.408 196.940
0.408 223.672
0.408 241.790
0.408 199.817
0.408 173.444
0.408 118.210
0.408 136.142
0.408 94.567
0.408 104.197
0.408 140.536
0.408 166.910
0.408 236.914
0.408 204.619
0.408 253.320
0.408 270.025
0.408 222.112
0.408 262.912
0.408 301.779
0.408 351.718
0.408 252.408
0.408 228.060
0.408 143.288
0.408 149.890
0.408 98.641
0.408 212.602
0.408 147.146
0.408 155.715
0.408 116.431
0.408 110.291
0.408 84.567
0.408 93.989
0.408 78.641
0.408 108.845
0.408 95.333
0.408 82.859
0.408 74.548
0.408 80.223
0.408 66.407
0.408 64.498
0.408 55.101
0.408 41.367
0.408 49.482
0.408 50.837
0.408 65.999
0.408 61.444
0.408 78.081
0.408 82.965
0.408 107.033
0.408 61.204
0.408 82.464
0.408 70.130
0.408 95.187
0.408 110.792
0.408 159.442
0.408 143.144
0.408 229.194
0.408 94.820
0.408 135.549
0.408 137.749
0.408 205.186
0.408 228.236
0.408 347.336
0.408 268.626
0.408 249.050
0.408 214.427
0.408 252.186
0.408 267.619
0.408 213.806
0.408 212.464
0.408 145.450
0.408 137.030
0.408 94.252
0.408 83.055
0.408 126.564
0.408 98.290
0.408 160.359
0.408 209.994
0.408 262.574
0.408 235.402
0.408 214.678
0.408 127.972
0.408 153.606
0.408 146.371
0.408 118.762
0.408 160.337
0.408 136.142
0.408 93.019
0.408 87.987
0.408 223.814
0.408 148.952
0.408 151.724
0.408 109.389
0.408 97.443
0.408 74.967
0.408 80.749
0.408 64.685
0.408 109.694
0.408 86.923
0.408 81.170
0.408 71.642
0.408 70.161
0.408 57.641
0.408 62.975
0.408 52.441
0.408 303.335
0.408 164.257
0.408 170.034
0.408 107.959
0.408 101.480
0.408 75.271
0.408 80.566
0.408 62.994
0.408 102.458
0.408 76.987
0.408 75.480
0.408 62.094
0.408 67.110
0.408 55.709
0.408 57.225
0.408 50.735
0.408 65.964
0.408 60.546
0.408 54.593
0.408 50.598
0.408 52.892
0.408 48.938
0.408 45.559
0.408 43.309
0.408 47.187
0.408 44.415
0.408 42.231
0.408 40.359
0.408 41.195
0.408 38.547
0.408 38.750
0.408 34.965
0.408 63.326
0.408 55.286
0.408 54.900
0.408 49.633
0.408 50.749
0.408 45.799
0.408 45.399
0.408 40.307
0.408 48.742
0.408 44.730
0.408 44.490
0.408 40.374
0.408 40.313
0.408 35.206
0.408 35.738
0.408 32.583
0.408 38.185
0.408 37.101
0.408 34.894
0.408 34.517
0.408 35.793
0.408 32.364
0.408 32.617
0.408 29.920
0.408 32.989
0.408 33.120
0.408 32.894
0.408 32.601
0.408 31.242
0.408 28.464
0.408 30.350
0.408 27.609
0.408 20.814
0.408 19.339
0.408 22.039
0.408 19.917
0.408 19.619
0.408 21.376
0.408 19.664
0.408 21.044
0.408 24.464
0.408 22.215
0.408 26.998
0.408 25.521
0.408 21.211
0.408 21.675
0.408 23.785
0.408 23.565
0.408 22.927
0.408 23.450
0.408 22.904
0.408 24.390
0.408 24.040
0.408 24.670
0.408 25.943
0.408 27.269
0.408 23.482
0.408 26.252
0.408 25.603
0.408 28.955
0.408 28.148
0.408 29.105
0.408 30.037
0.408 29.696
0.408 27.786
0.408 27.287
0.408 27.530
0.408 26.950
0.408 25.871
0.408 25.773
0.408 25.889
0.408 25.803
0.408 27.446
0.408 27.145
0.408 28.928
0.408 28.965
0.408 26.811
0.408 27.127
0.408 29.038
0.408 30.805
0.408 28.131
0.408 31.054
0.408 28.487
0.408 32.385
0.408 32.167
0.408 31.720
0.408 36.041
0.408 38.682
0.408 30.167
0.408 34.563
0.408 34.437
0.408 41.485
0.408 39.042
0.408 45.055
0.408 47.896
0.408 53.103
0.408 25.134
0.408 26.498
0.408 27.615
0.408 29.000
0.408 31.353
0.408 37.714
0.408 35.780
0.408 44.043
0.408 29.589
0.408 32.849
0.408 30.441
0.408 37.830
0.408 51.989
0.408 70.784
0.408 89.826
0.408 162.573
0.408 41.283
0.408 45.706
0.408 47.173
0.408 50.730
0.408 51.833
0.408 59.223
0.408 55.737
0.408 55.915
0.408 57.311
0.408 55.132
0.408 87.643
0.408 58.900
0.408 55.490
0.408 51.792
0.408 54.142
0.408 46.662
0.408 33.102
0.408 41.690
0.408 41.379
0.408 48.266
0.408 71.893
0.408 118.763
0.408 58.528
0.408 64.376
0.408 53.121
0.408 57.875
0.408 65.020
0.408 66.152
0.408 58.562
0.408 54.272
0.408 56.011
0.408 45.373
0.408 80.997
0.408 54.484
0.408 58.280
0.408 47.913
0.408 48.562
0.408 41.958
0.408 41.178
0.408 36.636
0.408 49.237
0.408 42.153
0.408 39.400
0.408 35.057
0.408 36.373
0.408 32.459
0.408 31.486
0.408 28.822
0.408 30.554
0.408 32.114
0.408 29.945
0.408 33.092
0.408 33.756
0.408 36.437
0.408 38.038
0.408 44.831
0.408 31.255
0.408 35.556
0.408 35.894
0.408 41.270
0.408 42.912
0.408 54.463
0.408 51.945
0.408 64.999
0.408 41.533
0.408 59.265
0.408 55.898
0.408 96.170
0.408 78.937
0.408 76.098
0.408 132.068
0.408 102.316
0.408 71.944
0.408 114.530
0.408 77.924
0.408 96.258
0.408 159.750
0.408 109.877
0.408 155.399
0.408 105.427
0.408 42.418
0.408 49.787
0.408 58.712
0.408 69.518
0.408 63.837
0.408 70.125
0.408 74.553
0.408 65.556
0.408 100.209
0.408 97.341
0.408 136.024
0.408 101.996
0.408 73.908
0.408 54.276
0.408 65.802
0.408 50.400
0.408 67.704
0.408 60.339
0.408 52.534
0.408 40.918
0.408 76.516
0.408 61.622
0.408 34.437
0.408 31.013
0.408 44.274
0.408 37.041
0.408 43.833
0.408 37.518
0.408 30.623
0.408 27.151
0.408 30.504
0.408 26.087
0.408 74.116
0.408 64.314
0.408 74.792
0.408 55.259
0.408 46.691
0.408 36.417
0.408 38.267
0.408 30.559
0.408 64.389
0.408 44.571
0.408 49.855
0.408 38.026
0.408 34.612
0.408 28.686
0.408 34.087
0.408 30.126
0.408 31.569
0.408 28.687
0.408 27.448
0.408 25.355
0.408 26.639
0.408 24.753
0.408 24.177
0.408 22.855
0.408 25.712
0.408 24.460
0.408 26.783
0.408 25.749
0.408 23.602
0.408 22.544
0.408 25.086
0.408 23.308
0.408 36.863
0.408 33.218
0.408 29.491
0.408 29.796
0.408 32.325
0.408 31.459
0.408 29.220
0.408 29.285
0.408 25.843
0.408 25.867
0.408 23.166
0.408 21.429
0.408 25.557
0.408 25.037
0.408 21.453
0.408 21.785
0.408 29.601
0.408 28.055
0.408 29.643
0.408 28.547
0.408 26.021
0.408 23.984
0.408 26.257
0.408 25.153
0.408 25.485
0.408 25.717
0.408 22.472
0.408 23.259
0.408 25.267
0.408 24.890
0.408 23.707
0.408 23.154
0.408 17.714
0.408 18.202
0.408 18.939
0.408 19.778
0.408 19.035
0.408 19.164
0.408 21.118
0.408 21.799
0.408 20.513
0.408 22.587
0.408 23.039
0.408 25.179
0.408 24.895
0.408 25.990
0.408 27.699
0.408 29.121
0.408 20.642
0.408 21.978
0.408 22.986
0.408 23.786
0.408 21.560
0.408 22.488
0.408 24.029
0.408 26.266
0.408 27.032
0.408 27.327
0.408 29.923
0.408 30.149
0.408 27.875
0.408 30.350
0.408 30.797
0.408 31.645
0.408 24.513
0.408 25.751
0.408 23.710
0.408 23.888
0.408 27.629
0.408 28.886
0.408 25.401
0.408 27.445
0.408 22.753
0.408 22.380
0.408 24.032
0.408 24.045
0.408 24.299
0.408 27.737
0.408 26.264
0.408 29.522
0.408 28.909
0.408 28.941
0.408 28.239
0.408 29.011
0.408 31.207
0.408 34.011
0.408 34.715
0.408 44.898
0.408 29.841
0.408 32.111
0.408 31.938
0.408 34.924
0.408 37.650
0.408 46.836
0.408 38.135
0.408 39.370
0.408 27.255
0.408 31.792
0.408 30.206
0.408 31.656
0.408 28.948
0.408 26.066
0.408 29.340
0.408 29.088
0.408 32.260
0.408 31.828
0.408 32.859
0.408 33.935
0.408 31.447
0.408 34.818
0.408 35.174
0.408 37.070
0.408 28.831
0.408 32.041
0.408 32.705
0.408 34.285
0.408 31.958
0.408 30.285
0.408 31.305
0.408 26.487
0.408 38.898
0.408 35.090
0.408 39.786
0.408 34.409
0.408 28.489
0.408 22.549
0.408 27.302
0.408 21.452
0.408 35.975
0.408 38.392
0.408 43.235
0.408 42.033
0.408 39.217
0.408 36.034
0.408 40.279
0.408 34.559
0.408 43.929
0.408 41.163
0.408 36.962
0.408 35.258
0.408 39.563
0.408 33.118
0.408 35.637
0.408 31.171
0.408 33.744
0.408 29.774
0.408 30.270
0.408 26.534
0.408 25.025
0.408 20.966
0.408 22.814
0.408 19.660
0.408 30.382
0.408 27.116
0.408 29.713
0.408 27.659
0.408 23.375
0.408 20.260
0.408 24.937
0.408 22.384
0.408 26.585
0.408 28.289
0.408 29.320
0.408 31.734
0.408 30.866
0.408 32.305
0.408 34.930
0.408 35.910
0.408 33.265
0.408 35.287
0.408 37.616
0.408 40.812
0.408 38.095
0.408 39.658
0.408 44.181
0.408 44.843
0.408 34.233
0.408 37.701
0.408 37.077
0.408 39.535
0.408 39.793
0.408 36.146
0.408 40.253
0.408 35.808
0.408 39.622
0.408 39.154
0.408 44.026
0.408 40.978
0.408 37.080
0.408 33.360
0.408 35.222
0.408 30.578
0.408 40.616
0.408 45.806
0.408 44.153
0.408 48.636
0.408 49.669
0.408 47.094
0.408 49.014
0.408 45.830
0.408 50.236
0.408 51.849
0.408 57.643
0.408 52.939
0.408 47.049
0.408 43.479
0.408 46.240
0.408 42.042
0.408 44.546
0.408 41.251
0.408 42.357
0.408 38.814
0.408 35.225
0.408 30.625
0.408 34.918
0.408 30.946
0.408 40.487
0.408 37.680
0.408 39.126
0.408 36.175
0.408 34.516
0.408 30.530
0.408 33.580
0.408 30.225
0.408 32.243
0.408 30.245
0.408 30.567
0.408 29.072
0.408 29.451
0.408 27.685
0.408 27.820
0.408 25.826
0.408 29.514
0.408 28.426
0.408 28.386
0.408 27.633
0.408 27.506
0.408 25.763
0.408 26.189
0.408 24.736
0.408 26.994
0.408 25.359
0.408 24.733
0.408 23.491
0.408 23.633
0.408 22.607
0.408 21.478
0.408 20.532
0.408 24.249
0.408 22.560
0.408 23.614
0.408 21.758
0.408 19.796
0.408 18.369
0.408 19.223
0.408 17.303
0.408 28.013
0.408 26.592
0.408 28.054
0.408 25.945
0.408 24.997
0.408 23.889
0.408 24.483
0.408 23.649
0.408 27.908
0.408 26.045
0.408 27.821
0.408 26.455
0.408 24.729
0.408 23.414
0.408 24.927
0.408 22.869
0.408 22.936
0.408 21.188
0.408 22.327
0.408 20.314
0.408 18.937
0.408 16.282
0.408 17.796
0.408 15.200
0.408 21.334
0.408 18.541
0.408 20.690
0.408 17.993
0.408 16.013
0.408 14.215
0.408 15.032
0.408 13.503
0.408 13.714
0.408 15.370
0.408 13.894
0.408 14.540
0.408 20.331
0.408 20.919
0.408 15.323
0.408 14.598
0.408 14.816
0.408 14.428
0.408 15.314
0.408 15.362
0.408 14.441
0.408 14.452
0.408 14.920
0.408 14.813
0.408 16.040
0.408 15.750
0.408 14.565
0.408 15.795
0.408 16.466
0.408 16.164
0.408 16.265
0.408 15.892
0.408 15.345
0.408 16.221
0.408 15.791
0.408 17.145
0.408 16.672
0.408 17.164
0.408 18.503
0.408 20.204
0.408 15.567
0.408 15.616
0.408 16.310
0.408 15.826
0.408 14.914
0.408 15.172
0.408 15.765
0.408 17.884
0.408 17.915
0.408 18.361
0.408 18.376
0.408 20.406
0.408 18.749
0.408 21.698
0.408 21.444
0.408 23.851
0.408 16.899
0.408 18.959
0.408 20.807
0.408 23.744
0.408 21.401
0.408 25.219
0.408 25.701
0.408 30.239
0.408 26.430
0.408 32.069
0.408 30.252
0.408 48.376
0.408 34.580
0.408 37.547
0.408 60.978
0.408 54.739
0.408 16.490
0.408 18.969
0.408 16.429
0.408 19.454
0.408 24.140
0.408 33.885
0.408 25.840
0.408 38.600
0.408 18.278
0.408 22.714
0.408 22.839
0.408 31.364
0.408 32.798
0.408 52.533
0.408 52.879
0.408 79.587
0.408 49.670
0.408 75.462
0.408 61.084
0.408 94.042
0.408 118.910
0.408 151.025
0.408 120.215
0.408 116.396
0.408 77.455
0.408 92.902
0.408 84.253
0.408 72.049
0.408 87.240
0.408 69.400
0.408 57.314
0.408 48.512
0.408 31.519
0.408 49.822
0.408 40.719
0.408 64.946
0.408 88.256
0.408 99.481
0.408 88.667
0.408 73.411
0.408 45.029
0.408 52.997
0.408 47.469
0.408 39.691
0.408 52.290
0.408 41.976
0.408 33.645
0.408 29.669
0.408 69.620
0.408 50.047
0.408 47.707
0.408 36.285
0.408 42.484
0.408 39.558
0.408 33.353
0.408 31.722
0.408 33.377
0.408 27.350
0.408 26.260
0.408 22.864
0.408 25.239
0.408 24.643
0.408 21.029
0.408 20.401
0.408 17.898
0.408 20.915
0.408 18.593
0.408 21.535
0.408 23.895
0.408 26.005
0.408 27.484
0.408 30.612
0.408 20.725
0.408 22.858
0.408 23.458
0.408 25.229
0.408 28.010
0.408 31.608
0.408 27.692
0.408 28.382
0.408 32.589
0.408 64.907
0.408 33.848
0.408 51.813
0.408 94.378
0.408 68.415
0.408 69.770
0.408 54.880
0.408 32.273
0.408 36.817
0.408 28.313
0.408 30.524
0.408 40.087
0.408 38.115
0.408 31.709
0.408 31.685
0.408 25.933
0.408 28.878
0.408 28.496
0.408 31.111
0.408 29.461
0.408 27.001
0.408 30.286
0.408 25.948
0.408 31.000
0.408 32.128
0.408 29.995
0.408 28.467
0.408 29.812
0.408 24.778
0.408 26.144
0.408 22.421
0.408 26.021
0.408 27.305
0.408 23.146
0.408 23.212
0.408 28.017
0.408 26.995
0.408 23.224
0.408 21.849
0.408 21.195
0.408 20.061
0.408 19.156
0.408 17.836
0.408 18.734
0.408 16.695
0.408 16.019
0.408 14.307
0.408 43.310
0.408 32.326
0.408 36.237
0.408 29.645
0.408 27.538
0.408 25.655
0.408 26.105
0.408 22.956
0.408 33.317
0.408 30.370
0.408 31.266
0.408 31.386
0.408 26.715
0.408 21.361
0.408 28.143
0.408 22.414
0.408 23.702
0.408 21.174
0.408 20.845
0.408 19.428
0.408 19.810
0.408 19.439
0.408 19.059
0.408 20.208
0.408 18.350
0.408 17.234
0.408 18.406
0.408 16.986
0.408 17.470
0.408 19.555
0.408 16.654
0.408 17.170
0.408 27.203
0.408 28.627
0.408 20.832
0.408 21.368
0.408 26.704
0.408 22.527
0.408 21.217
0.408 20.188
0.408 15.655
0.408 16.177
0.408 14.384
0.408 15.958
0.408 16.368
0.408 16.405
0.408 15.859
0.408 15.252
0.408 18.851
0.408 17.186
0.408 18.614
0.408 17.591
0.408 15.712
0.408 14.609
0.408 15.727
0.408 13.852
0.408 16.284
0.408 16.992
0.408 14.929
0.408 16.328
0.408 16.168
0.408 14.789
0.408 17.078
0.408 16.892
0.408 18.651
0.408 19.694
0.408 18.710
0.408 19.269
0.408 20.266
0.408 20.486
0.408 19.716
0.408 20.428
0.408 18.170
0.408 18.345
0.408 18.098
0.408 18.359
0.408 19.272
0.408 20.379
0.408 18.850
0.408 19.863
0.408 20.384
0.408 19.511
0.408 20.570
0.408 19.571
0.408 17.770
0.408 16.385
0.408 18.281
0.408 17.894
0.408 21.075
0.408 20.691
0.408 20.818
0.408 20.801
0.408 19.697
0.408 18.885
0.408 19.886
0.408 18.464
0.408 18.403
0.408 18.295
0.408 18.325
0.408 17.776
0.408 18.146
0.408 18.770
0.408 17.256
0.408 17.872
0.408 17.678
0.408 16.397
0.408 16.971
0.408 15.176
0.408 15.428
0.408 16.264
0.408 14.384
0.408 15.231
0.408 19.637
0.408 19.821
0.408 18.809
0.408 19.386
0.408 18.921
0.408 17.236
0.408 18.903
0.408 17.837
0.408 17.523
0.408 19.133
0.408 16.851
0.408 19.446
0.408 19.812
0.408 20.147
0.408 21.154
0.408 22.492
0.408 16.311
0.408 16.751
0.408 17.979
0.408 17.883
0.408 17.186
0.408 18.079
0.408 18.193
0.408 19.052
0.408 18.338
0.408 18.348
0.408 17.302
0.408 17.142
0.408 18.622
0.408 18.901
0.408 17.178
0.408 17.786
0.408 19.242
0.408 20.615
0.408 20.181
0.408 21.722
0.408 21.987
0.408 22.494
0.408 23.402
0.408 24.235
0.408 19.883
0.408 21.267
0.408 19.606
0.408 21.992
0.408 23.274
0.408 25.269
0.408 24.088
0.408 26.087
0.408 16.274
0.408 16.230
0.408 17.424
0.408 17.090
0.408 16.132
0.408 16.688
0.408 16.894
0.408 17.329
0.408 19.722
0.408 19.434
0.408 22.066
0.408 22.313
0.408 19.395
0.408 19.077
0.408 23.061
0.408 22.083
0.408 18.724
0.408 21.978
0.408 18.825
0.408 22.010
0.408 24.589
0.408 25.969
0.408 24.747
0.408 26.032
0.408 19.822
0.408 22.285
0.408 21.585
0.408 22.794
0.408 23.871
0.408 25.744
0.408 24.092
0.408 26.659
0.408 16.832
0.408 15.400
0.408 17.292
0.408 16.003
0.408 15.032
0.408 16.196
0.408 15.961
0.408 18.243
0.408 17.556
0.408 16.421
0.408 17.666
0.408 17.757
0.408 17.883
0.408 20.342
0.408 20.313
0.408 22.434
0.408 18.550
0.408 20.965
0.408 20.385
0.408 22.147
0.408 22.884
0.408 24.188
0.408 24.056
0.408 24.843
0.408 21.712
0.408 22.874
0.408 23.505
0.408 23.530
0.408 24.103
0.408 24.845
0.408 23.598
0.408 24.578
0.408 18.705
0.408 19.884
0.408 20.391
0.408 21.814
0.408 22.672
0.408 24.802
0.408 24.277
0.408 25.436
0.408 21.951
0.408 23.591
0.408 24.365
0.408 25.700
0.408 25.334
0.408 25.798
0.408 27.050
0.408 27.475
0.408 24.723
0.408 23.150
0.408 24.478
0.408 23.071
0.408 23.133
0.408 24.824
0.408 23.168
0.408 24.760
0.408 25.076
0.408 24.468
0.408 27.054
0.408 26.843
0.408 24.440
0.408 25.905
0.408 27.232
0.408 29.459
0.408 23.399
0.408 23.953
0.408 23.222
0.408 23.125
0.408 25.734
0.408 25.044
0.408 25.973
0.408 27.615
0.408 23.841
0.408 23.094
0.408 25.198
0.408 25.007
0.408 25.841
0.408 29.151
0.408 26.839
0.408 29.861
0.408 23.814
0.408 24.278
0.408 27.149
0.408 26.387
0.408 25.681
0.408 28.078
0.408 26.776
0.408 28.148
0.408 30.415
0.408 29.309
0.408 32.219
0.408 33.605
0.408 28.501
0.408 29.164
0.408 32.356
0.408 33.229
0.408 25.897
0.408 26.067
0.408 26.667
0.408 28.726
0.408 27.875
0.408 31.444
0.408 31.155
0.408 36.624
0.408 29.289
0.408 34.093
0.408 33.871
0.408 40.927
0.408 37.737
0.408 43.137
0.408 45.492
0.408 51.640
0.408 35.395
0.408 39.860
0.408 45.488
0.408 52.255
0.408 40.164
0.408 40.289
0.408 54.523
0.408 54.374
0.408 55.715
0.408 66.616
0.408 68.640
0.408 88.685
0.408 75.057
0.408 84.267
0.408 113.005
0.408 131.869
0.408 18.565
0.408 19.045
0.408 19.584
0.408 20.184
0.408 19.344
0.408 19.167
0.408 21.166
0.408 21.187
0.408 20.235
0.408 20.582
0.408 20.256
0.408 20.351
0.408 21.596
0.408 20.984
0.408 20.301
0.408 19.705
0.408 18.723
0.408 18.212
0.408 20.422
0.408 19.537
0.408 18.288
0.408 18.233
0.408 18.739
0.408 18.195
0.408 20.129
0.408 19.470
0.408 19.676
0.408 19.951
0.408 19.120
0.408 19.498
0.408 20.103
0.408 20.742
0.408 20.286
0.408 19.617
0.408 19.465
0.408 17.763
0.408 18.598
0.408 19.088
0.408 17.531
0.408 18.884
0.408 17.329
0.408 16.058
0.408 15.537
0.408 15.601
0.408 17.333
0.408 18.378
0.408 17.662
0.408 19.002
0.408 19.816
0.408 20.111
0.408 19.320
0.408 19.512
0.408 20.466
0.408 21.450
0.408 20.693
0.408 21.878
0.408 18.598
0.408 19.119
0.408 18.768
0.408 19.316
0.408 20.524
0.408 21.560
0.408 20.636
0.408 20.946
0.408 17.236
0.408 16.269
0.408 18.372
0.408 18.901
0.408 16.284
0.408 16.628
0.408 19.079
0.408 19.068
0.408 20.305
0.408 20.750
0.408 21.559
0.408 22.192
0.408 20.809
0.408 21.338
0.408 23.162
0.408 24.114
0.408 16.827
0.408 17.231
0.408 19.341
0.408 20.024
0.408 17.796
0.408 17.978
0.408 20.100
0.408 19.490
0.408 21.856
0.408 21.785
0.408 24.253
0.408 23.593
0.408 21.383
0.408 20.750
0.408 23.302
0.408 22.744
0.408 22.264
0.408 23.511
0.408 22.591
0.408 23.895
0.408 24.799
0.408 25.620
0.408 25.460
0.408 26.699
0.408 22.053
0.408 23.342
0.408 21.445
0.408 22.772
0.408 25.372
0.408 26.665
0.408 24.257
0.408 25.256
0.408 25.799
0.408 25.540
0.408 27.180
0.408 27.185
0.408 25.117
0.408 24.547
0.408 25.991
0.408 24.789
0.408 26.906
0.408 26.888
0.408 25.533
0.408 25.313
0.408 25.528
0.408 24.257
0.408 24.619
0.408 24.478
0.408 15.258
0.408 15.784
0.408 15.613
0.408 16.221
0.408 18.383
0.408 19.877
0.408 19.313
0.408 20.072
0.408 16.105
0.408 17.482
0.408 17.216
0.408 19.010
0.408 19.918
0.408 19.684
0.408 19.907
0.408 19.365
0.408 19.136
0.408 19.462
0.408 19.181
0.408 19.601
0.408 20.248
0.408 20.232
0.408 19.931
0.408 19.974
0.408 19.394
0.408 19.906
0.408 19.791
0.408 19.937
0.408 20.002
0.408 20.240
0.408 19.955
0.408 20.805
0.408 18.429
0.408 19.637
0.408 19.358
0.408 19.140
0.408 19.256
0.408 19.082
0.408 18.596
0.408 18.779
0.408 19.986
0.408 18.775
0.408 20.339
0.408 19.219
0.408 18.920
0.408 19.933
0.408 19.695
0.408 21.243
0.408 19.472
0.408 20.041
0.408 19.521
0.408 20.980
0.408 20.639
0.408 21.492
0.408 22.075
0.408 22.592
0.408 21.220
0.408 22.064
0.408 22.411
0.408 22.486
0.408 22.523
0.408 22.855
0.408 22.800
0.408 23.165
0.408 20.947
0.408 21.938
0.408 20.738
0.408 21.474
0.408 23.170
0.408 24.353
0.408 22.321
0.408 23.803
0.408 20.885
0.408 21.861
0.408 21.768
0.408 22.396
0.408 22.350
0.408 24.203
0.408 23.590
0.408 26.411
0.408 25.203
0.408 25.128
0.408 26.112
0.408 27.137
0.408 25.043
0.408 25.681
0.408 27.244
0.408 27.849
0.408 27.673
0.408 29.639
0.408 29.663
0.408 31.969
0.408 30.260
0.408 31.516
0.408 33.567
0.408 35.501
0.408 22.053
0.408 23.305
0.408 23.526
0.408 25.060
0.408 25.510
0.408 28.175
0.408 26.529
0.408 28.679
0.408 23.897
0.408 25.508
0.408 23.522
0.408 24.868
0.408 26.891
0.408 29.306
0.408 27.467
0.408 31.278
0.408 30.420
0.408 32.495
0.408 30.639
0.408 32.393
0.408 34.700
0.408 37.198
0.408 34.666
0.408 38.301
0.408 31.748
0.408 33.814
0.408 34.832
0.408 38.532
0.408 37.102
0.408 42.968
0.408 44.022
0.408 52.719
0.408 17.608
0.408 17.285
0.408 17.841
0.408 17.315
0.408 17.447
0.408 17.473
0.408 17.307
0.408 16.860
0.408 17.883
0.408 17.164
0.408 17.526
0.408 16.703
0.408 16.915
0.408 16.387
0.408 16.355
0.408 15.378
0.408 16.556
0.408 15.467
0.408 16.057
0.408 15.682
0.408 15.241
0.408 15.383
0.408 15.342
0.408 14.872
0.408 15.563
0.408 14.986
0.408 14.357
0.408 14.020
0.408 14.492
0.408 14.553
0.408 15.236
0.408 18.503
0.408 16.927
0.408 16.419
0.408 16.691
0.408 15.995
0.408 15.702
0.408 14.388
0.408 14.823
0.408 13.900
0.408 16.937
0.408 15.562
0.408 16.910
0.408 15.105
0.408 14.485
0.408 13.371
0.408 13.952
0.408 12.594
0.408 13.753
0.408 13.484
0.408 13.407
0.408 13.050
0.408 14.434
0.408 15.115
0.408 12.331
0.408 11.832
0.408 13.006
0.408 12.570
0.408 12.812
0.408 12.261
0.408 11.798
0.408 11.866
0.408 12.259
0.408 12.615
0.408 15.726
0.408 16.155
0.408 14.700
0.408 14.931
0.408 16.455
0.408 16.571
0.408 14.885
0.408 14.837
0.408 14.575
0.408 13.996
0.408 15.570
0.408 12.951
0.408 13.584
0.408 13.714
0.408 13.036
0.408 13.492
0.408 16.645
0.408 16.156
0.408 14.854
0.408 15.031
0.408 15.292
0.408 14.416
0.408 15.035
0.408 14.139
0.408 13.927
0.408 14.347
0.408 13.607
0.408 14.644
0.408 14.636
0.408 14.842
0.408 15.670
0.408 15.423
0.408 12.689
0.408 12.019
0.408 11.665
0.408 12.181
0.408 12.804
0.408 13.334
0.408 13.150
0.408 13.655
0.408 12.376
0.408 13.192
0.408 13.718
0.408 14.346
0.408 13.569
0.408 13.612
0.408 13.549
0.408 13.033
0.408 13.777
0.408 16.258
0.408 13.890
0.408 14.305
0.408 16.437
0.408 15.438
0.408 14.449
0.408 15.376
0.408 13.549
0.408 13.412
0.408 13.215
0.408 13.652
0.408 14.125
0.408 15.933
0.408 14.552
0.408 16.153
0.408 16.113
0.408 14.485
0.408 15.084
0.408 14.061
0.408 13.420
0.408 12.590
0.408 13.372
0.408 12.801
0.408 14.433
0.408 13.735
0.408 14.353
0.408 13.711
0.408 13.356
0.408 13.183
0.408 13.321
0.408 13.391
0.408 12.824
0.408 12.758
0.408 13.348
0.408 13.450
0.408 12.832
0.408 13.211
0.408 13.364
0.408 14.376
0.408 14.275
0.408 13.899
0.408 14.430
0.408 14.513
0.408 14.450
0.408 15.405
0.408 15.484
0.408 16.037
0.408 14.630
0.408 13.791
0.408 14.900
0.408 13.777
0.408 12.944
0.408 13.483
0.408 13.159
0.408 13.936
0.408 15.258
0.408 14.307
0.408 16.084
0.408 16.060
0.408 14.739
0.408 15.159
0.408 17.244
0.408 17.170
0.408 14.201
0.408 15.442
0.408 14.573
0.408 16.242
0.408 16.466
0.408 17.004
0.408 17.336
0.408 17.875
0.408 15.802
0.408 17.813
0.408 18.285
0.408 20.263
0.408 18.757
0.408 19.454
0.408 20.270
0.408 20.908
0.408 14.304
0.408 13.892
0.408 14.716
0.408 13.339
0.408 12.821
0.408 12.953
0.408 12.876
0.408 13.932
0.408 15.104
0.408 13.995
0.408 15.620
0.408 15.494
0.408 14.315
0.408 15.304
0.408 16.979
0.408 17.843
0.408 13.407
0.408 13.788
0.408 13.956
0.408 13.536
0.408 14.568
0.408 16.139
0.408 14.646
0.408 16.844
0.408 15.346
0.408 14.861
0.408 17.682
0.408 17.716
0.408 16.762
0.408 19.237
0.408 19.943
0.408 22.384
0.408 16.905
0.408 18.113
0.408 19.401
0.408 22.135
0.408 20.024
0.408 20.840
0.408 23.090
0.408 23.039
0.408 23.953
0.408 28.187
0.408 26.444
0.408 31.491
0.408 26.443
0.408 24.396
0.408 28.325
0.408 25.070
0.408 20.381
0.408 21.287
0.408 22.763
0.408 24.552
0.408 23.305
0.408 24.465
0.408 25.862
0.408 26.565
0.408 24.271
0.408 26.950
0.408 26.156
0.408 29.219
0.408 28.546
0.408 29.606
0.408 30.644
0.408 31.439
0.408 17.427
0.408 17.850
0.408 17.362
0.408 17.861
0.408 18.145
0.408 18.239
0.408 17.922
0.408 17.987
0.408 17.930
0.408 17.956
0.408 17.809
0.408 17.310
0.408 17.576
0.408 17.326
0.408 16.770
0.408 16.359
0.408 18.349
0.408 18.407
0.408 18.093
0.408 18.175
0.408 18.222
0.408 17.811
0.408 17.950
0.408 17.724
0.408 17.315
0.408 17.397
0.408 16.450
0.408 17.210
0.408 17.390
0.408 17.375
0.408 17.706
0.408 17.601
0.408 16.585
0.408 15.844
0.408 15.365
0.408 15.141
0.408 15.879
0.408 16.087
0.408 15.904
0.408 16.374
0.408 15.044
0.408 15.194
0.408 15.226
0.408 15.493
0.408 16.148
0.408 16.900
0.408 16.513
0.408 18.324
0.408 16.545
0.408 17.628
0.408 17.188
0.408 18.930
0.408 18.074
0.408 17.894
0.408 19.319
0.408 19.058
0.408 18.321
0.408 20.269
0.408 20.096
0.408 21.029
0.408 20.496
0.408 20.837
0.408 21.492
0.408 22.027
0.408 17.704
0.408 17.811
0.408 17.702
0.408 17.922
0.408 18.007
0.408 18.302
0.408 18.459
0.408 19.460
0.408 17.505
0.408 18.139
0.408 17.729
0.408 18.226
0.408 18.974
0.408 20.437
0.408 19.572
0.408 21.531
0.408 19.430
0.408 21.128
0.408 21.091
0.408 23.195
0.408 23.170
0.408 26.115
0.408 25.811
0.408 28.426
0.408 22.305
0.408 24.445
0.408 23.434
0.408 25.863
0.408 26.854
0.408 28.919
0.408 28.563
0.408 30.917
0.408 17.952
0.408 18.802
0.408 19.542
0.408 21.101
0.408 21.012
0.408 23.423
0.408 23.216
0.408 25.788
0.408 21.674
0.408 23.101
0.408 22.478
0.408 23.537
0.408 24.176
0.408 25.692
0.408 24.267
0.408 24.649
0.408 25.561
0.408 27.386
0.408 26.879
0.408 27.247
0.408 29.985
0.408 31.645
0.408 29.243
0.408 30.910
0.408 25.746
0.408 25.915
0.408 24.673
0.408 26.308
0.408 28.534
0.408 31.606
0.408 29.890
0.408 33.112
0.408 15.801
0.408 16.114
0.408 16.688
0.408 17.817
0.408 18.026
0.408 20.125
0.408 19.411
0.408 20.191
0.408 17.694
0.408 19.067
0.408 18.300
0.408 18.446
0.408 19.059
0.408 19.063
0.408 17.542
0.408 17.984
0.408 21.415
0.408 22.343
0.408 21.682
0.408 23.280
0.408 22.561
0.408 22.278
0.408 22.444
0.408 21.667
0.408 20.389
0.408 21.501
0.408 19.119
0.408 20.818
0.408 21.585
0.408 22.060
0.408 22.695
0.408 23.665
0.408 17.714
0.408 16.497
0.408 16.186
0.408 15.167
0.408 16.286
0.408 17.488
0.408 15.960
0.408 17.179
0.408 14.878
0.408 15.478
0.408 14.313
0.408 15.578
0.408 17.102
0.408 19.181
0.408 21.286
0.408 25.131
0.408 18.923
0.408 20.386
0.408 18.260
0.408 18.177
0.408 21.478
0.408 22.133
0.408 18.139
0.408 17.964
0.408 18.009
0.408 16.648
0.408 18.647
0.408 15.797
0.408 16.258
0.408 15.743
0.408 15.669
0.408 15.587
0.408 22.047
0.408 23.363
0.408 22.084
0.408 24.134
0.408 25.157
0.408 26.075
0.408 27.151
0.408 30.041
0.408 23.304
0.408 25.929
0.408 24.860
0.408 26.488
0.408 29.627
0.408 32.596
0.408 28.950
0.408 30.684
0.408 26.618
0.408 29.098
0.408 31.520
0.408 33.985
0.408 34.225
0.408 37.677
0.408 39.518
0.408 43.992
0.408 33.785
0.408 37.156
0.408 31.722
0.408 35.330
0.408 44.153
0.408 51.362
0.408 44.734
0.408 56.578
0.408 23.175
0.408 25.023
0.408 18.910
0.408 21.745
0.408 26.713
0.408 27.715
0.408 24.436
0.408 27.217
0.408 16.570
0.408 19.375
0.408 16.146
0.408 18.710
0.408 23.518
0.408 29.210
0.408 23.633
0.408 31.454
0.408 29.690
0.408 34.798
0.408 31.109
0.408 37.831
0.408 45.472
0.408 61.094
0.408 49.760
0.408 68.390
0.408 35.133
0.408 45.179
0.408 40.623
0.408 56.647
0.408 60.616
0.408 88.072
0.408 85.606
0.408 124.369
